4.155639988511898864e+00
-1.814471932389177145e+00
9.426590926586439489e-02
8.927090383331121037e-01
4.005481313666348631e-01
1.576841825411583686e+00
1.139157899305395238e+00
-5.113956356244123924e+00
1.762190597455402408e+00
8.184455487610286184e+00
2.095158934729937528e+00
2.951927137430631731e+00
3.175489918564446512e+00
-2.001977539278710250e+00
5.609937466421481833e-01
1.056244732257246355e+00
1.796065026293570899e+00
-1.200853935176575904e+00
1.896002495448745773e+00
2.286115858878776663e-01
