3.220298628255313211e+00
-3.091710109918111016e+00
4.452577382944849504e-01
2.451571797188172752e+00
-6.698871483931566395e+00
-4.306715214270435688e+00
6.029167981175811875e+00
-3.287529699591644761e+00
-1.029658096357871866e+00
-9.216073147426605772e+00
2.877940491099825415e+00
-1.769032203860694707e+00
1.204960903556445695e+00
-2.278097353209510345e+00
5.136101228289494669e-01
3.985045029490092539e+00
4.484676126959930009e+00
2.088189596209061527e+00
-2.173795948743203699e+00
3.193207873369253491e+00
