6.178225090416924914e+00
-9.114704031741820422e-01
-3.308236518566919138e+00
-2.604852313126653662e+00
5.963788186678854686e+00
-8.059789880184217159e-01
6.062021332900160431e-01
-7.531116966254830514e-01
8.056632049451396327e+00
-1.540568040676012718e+00
2.018198573757266967e+00
1.085968723238524891e+00
1.350848352027854693e-01
1.448928364238053934e+00
1.239644732622952938e+00
-3.369833642900678106e-01
-3.941277917921502727e+00
3.583256092237849799e+00
-5.235306529137445430e+00
-4.677009924349087022e+00
